#    x_shift     y_shift   expansion         E_unrelaxed  E_relaxed (ignore)
         0.0         0.0         0.0       -421.03237127       -467.05018483
         0.0      0.0625         0.0       -406.06573477       -465.49161792
         0.0       0.125         0.0       -377.85260461       -461.53215172
         0.0      0.1875         0.0       -358.64258076       -461.09990128
         0.0        0.25         0.0       -373.21802103       -465.17681173
         0.0      0.3125         0.0       -416.07442226       -467.09100251
         0.0       0.375         0.0       -414.94374484       -466.30030255
         0.0      0.4375         0.0        -385.9207132       -462.55751828
         0.0         0.5         0.0       -365.05649712        -461.5532868
         0.0      0.5625         0.0       -358.98623192       -463.83934719
         0.0       0.625         0.0       -405.61624284       -466.80085294
         0.0      0.6875         0.0       -420.40994935        -466.8822079
         0.0        0.75         0.0       -395.72567083       -463.99249455
         0.0      0.8125         0.0       -371.28505252       -459.98568018
         0.0       0.875         0.0       -354.56964355        -462.1028569
         0.0      0.9375         0.0       -390.56973839       -466.15607209
         0.0         1.0         0.0       -421.03237127       -466.98362904

      0.0625         0.0         0.0       -418.02962964       -467.28089441
      0.0625      0.0625         0.0       -407.84385733       -465.02534541
      0.0625       0.125         0.0       -375.20941903       -461.02670098
      0.0625      0.1875         0.0       -364.48163791       -461.03880592
      0.0625        0.25         0.0       -380.17607874       -465.25986959
      0.0625      0.3125         0.0       -412.13591287       -467.29899106
      0.0625       0.375         0.0       -415.42030416       -466.15298048
      0.0625      0.4375         0.0       -385.92076566       -462.51156079
      0.0625         0.5         0.0       -364.11337093       -459.79745255
      0.0625      0.5625         0.0       -372.63987199       -464.02213438
      0.0625       0.625         0.0       -402.23810425       -466.87956756
      0.0625      0.6875         0.0       -419.07093987         -466.692728
      0.0625        0.75         0.0        -397.4802214       -463.84319078
      0.0625      0.8125         0.0       -367.53364804       -459.91972996
      0.0625       0.875         0.0       -367.52673241       -462.49980019
      0.0625      0.9375         0.0       -390.56973422       -466.15607209
      0.0625         1.0         0.0       -418.02962964       -467.32826734

       0.125         0.0         0.0       -419.27253616       -467.35445675
       0.125      0.0625         0.0       -405.32352198       -465.32718993
       0.125       0.125         0.0         -372.464535       -461.69322837
       0.125      0.1875         0.0        -360.6054008        -461.9898191
       0.125        0.25         0.0        -361.0060274       -465.14947703
       0.125      0.3125         0.0       -412.13599014       -467.31046124
       0.125       0.375         0.0       -414.94383041       -466.38024919
       0.125      0.4375         0.0        -381.3291615       -462.52973338
       0.125         0.5         0.0       -364.59878514       -459.90778031
       0.125      0.5625         0.0       -351.48914609       -463.76437474
       0.125       0.625         0.0       -398.71619835       -466.84027529
       0.125      0.6875         0.0       -420.02121876        -467.0508471
       0.125        0.75         0.0       -393.20330137       -463.88338399
       0.125      0.8125         0.0       -367.53367009       -460.44428646
       0.125       0.875         0.0       -354.56969414       -462.10289027
       0.125      0.9375         0.0       -380.16476201       -466.20536468
       0.125         1.0         0.0       -419.27253616       -467.28274344

      0.1875         0.0         0.0        -420.5161081       -467.17697099
      0.1875      0.0625         0.0       -407.10863777       -465.28593994
      0.1875       0.125         0.0       -378.91793913       -461.15957862
      0.1875      0.1875         0.0       -360.60535502        -460.6935023
      0.1875        0.25         0.0       -380.17607011       -465.25986959
      0.1875      0.3125         0.0       -416.07440466       -467.07597483
      0.1875       0.375         0.0       -415.14392356       -466.32380399
      0.1875      0.4375         0.0       -387.75617771       -462.41373394
      0.1875         0.5         0.0       -364.95086665       -460.58612902
      0.1875      0.5625         0.0       -367.54384407       -464.02101327
      0.1875       0.625         0.0       -406.97611312       -466.86354137
      0.1875      0.6875         0.0       -420.02112076       -467.02536043
      0.1875        0.75         0.0       -397.48018468       -463.87086192
      0.1875      0.8125         0.0       -371.28507257       -459.42699334
      0.1875       0.875         0.0       -360.59027916       -462.34120211
      0.1875      0.9375         0.0       -394.37221179       -466.23484371
      0.1875         1.0         0.0        -420.5161081       -467.23885587

        0.25         0.0         0.0       -417.51461584        -467.2987602
        0.25      0.0625         0.0       -407.10870874       -464.96082531
        0.25       0.125         0.0       -372.46451814       -461.20769128
        0.25      0.1875         0.0       -364.48163263       -461.28850201
        0.25        0.25         0.0        -373.2180317       -465.14085648
        0.25      0.3125         0.0       -410.48401131       -467.25619213
        0.25       0.375         0.0        -415.3398695       -465.83250634
        0.25      0.4375         0.0       -383.25766828        -462.6244437
        0.25         0.5         0.0       -363.87348799       -459.48415977
        0.25      0.5625         0.0        -367.5438593        -464.0207721
        0.25       0.625         0.0       -398.71614723        -466.9191958
        0.25      0.6875         0.0       -419.07097594        -466.7144419
        0.25        0.75         0.0       -395.72574574       -464.03629472
        0.25      0.8125         0.0       -365.87685857       -459.88639087
        0.25       0.875         0.0       -365.64791809        -462.4749559
        0.25      0.9375         0.0       -384.71757492       -466.19300916
        0.25         1.0         0.0       -417.51461584       -466.91760942

      0.3125         0.0         0.0       -420.51617141       -467.16568252
      0.3125      0.0625         0.0       -405.32347525       -465.04744704
      0.3125       0.125         0.0       -375.20939919       -461.33985764
      0.3125      0.1875         0.0       -358.64260904        -461.7311795
      0.3125        0.25         0.0       -364.96484143       -465.14596771
      0.3125      0.3125         0.0       -414.45213923       -467.25129414
      0.3125       0.375         0.0       -414.85938333        -466.1369959
      0.3125      0.4375         0.0       -383.25763213       -462.61397749
      0.3125         0.5         0.0       -364.95088085       -460.17986415
      0.3125      0.5625         0.0        -351.4891236       -463.72520322
      0.3125       0.625         0.0       -402.23814874       -466.87956756
      0.3125      0.6875         0.0       -420.40999467       -466.80125542
      0.3125        0.75         0.0       -393.94719156       -463.86045008
      0.3125      0.8125         0.0       -369.77456508       -460.18047837
      0.3125       0.875         0.0       -351.69902444       -461.91178384
      0.3125      0.9375         0.0       -384.71759706       -466.20919336
      0.3125         1.0         0.0       -420.51617141       -467.24480544

       0.375         0.0         0.0       -419.27244589       -467.34024053
       0.375      0.0625         0.0       -407.84383908       -465.03987468
       0.375       0.125         0.0         -377.852654        -461.0804413
       0.375      0.1875         0.0       -363.00932149       -461.63002136
       0.375        0.25         0.0       -382.78075675       -465.31290231
       0.375      0.3125         0.0        -414.4520836        -467.2332977
       0.375       0.375         0.0       -415.33981243       -466.40375761
       0.375      0.4375         0.0       -387.75620426       -462.37922553
       0.375         0.5         0.0       -364.59876388        -459.8115483
       0.375      0.5625         0.0       -372.63987059       -464.02213438
       0.375       0.625         0.0       -405.61623162       -466.83807814
       0.375      0.6875         0.0       -419.46561266       -467.07658265
       0.375        0.75         0.0       -398.19861072       -463.86172794
       0.375      0.8125         0.0       -369.77458186       -460.14462508
       0.375       0.875         0.0       -365.64791951        -462.4749559
       0.375      0.9375         0.0       -394.37221615       -466.23484371
       0.375         1.0         0.0       -419.27244589       -467.34973869

      0.4375         0.0         0.0       -418.02969972       -467.34597638
      0.4375      0.0625         0.0        -406.0658341       -465.16651724
      0.4375       0.125         0.0       -371.29747325        -461.0187432
      0.4375      0.1875         0.0       -363.00933362       -461.29734264
      0.4375        0.25         0.0       -364.96485133       -465.16863505
      0.4375      0.3125         0.0       -410.48405057       -467.27571075
      0.4375       0.375         0.0       -415.14402503       -466.10656893
      0.4375      0.4375         0.0       -381.32917182        -462.4142829
      0.4375         0.5         0.0       -364.11338371        -460.1408839
      0.4375      0.5625         0.0       -358.98626806       -463.75001534
      0.4375       0.625         0.0       -397.21359664       -466.89715317
      0.4375      0.6875         0.0       -419.46570134       -467.07589472
      0.4375        0.75         0.0       -393.94725442       -463.84858244
      0.4375      0.8125         0.0       -365.87687744       -459.89797267
      0.4375       0.875         0.0       -360.59031295       -462.37449286
      0.4375      0.9375         0.0        -380.1647485       -466.20536468
      0.4375         1.0         0.0       -418.02969972       -467.34784518

         0.5         0.0         0.0       -421.03237127       -467.05303021
         0.5      0.0625         0.0       -406.06573477       -465.46593143
         0.5       0.125         0.0       -377.85260461       -461.52985227
         0.5      0.1875         0.0       -358.64258076       -461.25426246
         0.5        0.25         0.0       -373.21802103       -465.14874437
         0.5      0.3125         0.0       -416.07442226       -467.08566787
         0.5       0.375         0.0       -414.94374484       -466.34724029
         0.5      0.4375         0.0        -385.9207132       -462.37704319
         0.5         0.5         0.0       -365.05649712       -461.48443848
         0.5      0.5625         0.0       -358.98623192       -463.78902979
         0.5       0.625         0.0       -405.61624284       -466.75916366
         0.5      0.6875         0.0       -420.40994935       -466.74687869
         0.5        0.75         0.0       -395.72567083       -463.83742172
         0.5      0.8125         0.0       -371.28505252       -460.35595966
         0.5       0.875         0.0       -354.56964355       -462.52550106
         0.5      0.9375         0.0       -390.56973839       -466.15752067
         0.5         1.0         0.0       -421.03237127       -467.04292972

      0.5625         0.0         0.0       -418.02962964       -467.36141913
      0.5625      0.0625         0.0       -407.84385733       -465.27021555
      0.5625       0.125         0.0       -375.20941903       -461.17860821
      0.5625      0.1875         0.0       -364.48163791       -461.36117433
      0.5625        0.25         0.0       -380.17607874       -465.25382668
      0.5625      0.3125         0.0       -412.13591287       -467.24676016
      0.5625       0.375         0.0       -415.42030416       -465.87653684
      0.5625      0.4375         0.0       -385.92076566        -462.3703951
      0.5625         0.5         0.0       -364.11337093       -459.33231699
      0.5625      0.5625         0.0       -372.63987199       -464.01683474
      0.5625       0.625         0.0       -402.23810425       -466.91209388
      0.5625      0.6875         0.0       -419.07093987       -466.99258022
      0.5625        0.75         0.0        -397.4802214       -463.84319078
      0.5625      0.8125         0.0       -367.53364804        -459.8034449
      0.5625       0.875         0.0       -367.52673241       -462.49980019
      0.5625      0.9375         0.0       -390.56973422       -466.20221499
      0.5625         1.0         0.0       -418.02962964       -467.34784518

       0.625         0.0         0.0       -419.27253616       -467.34024053
       0.625      0.0625         0.0       -405.32352198       -465.32552145
       0.625       0.125         0.0         -372.464535       -461.45099847
       0.625      0.1875         0.0        -360.6054008       -460.99658924
       0.625        0.25         0.0        -361.0060274        -465.1539587
       0.625      0.3125         0.0       -412.13599014       -467.28811023
       0.625       0.375         0.0       -414.94383041       -466.38024919
       0.625      0.4375         0.0        -381.3291615       -462.50908399
       0.625         0.5         0.0       -364.59878514       -460.03789228
       0.625      0.5625         0.0       -351.48914609       -463.74088727
       0.625       0.625         0.0       -398.71619835        -466.9191958
       0.625      0.6875         0.0       -420.02121876       -467.04338047
       0.625        0.75         0.0       -393.20330137       -463.91554655
       0.625      0.8125         0.0       -367.53367009       -460.47513498
       0.625       0.875         0.0       -354.56969414       -462.27169198
       0.625      0.9375         0.0       -380.16476201       -466.20627633
       0.625         1.0         0.0       -419.27253616       -467.34024053

      0.6875         0.0         0.0        -420.5161081       -467.23885587
      0.6875      0.0625         0.0       -407.10863777       -465.55904419
      0.6875       0.125         0.0       -378.91793913       -461.15957862
      0.6875      0.1875         0.0       -360.60535502       -460.50420096
      0.6875        0.25         0.0       -380.17607011       -465.25986959
      0.6875      0.3125         0.0       -416.07440466       -467.05708477
      0.6875       0.375         0.0       -415.14392356       -466.37260779
      0.6875      0.4375         0.0       -387.75617771       -462.39888439
      0.6875         0.5         0.0       -364.95086665       -460.55925041
      0.6875      0.5625         0.0       -367.54384407       -464.02101327
      0.6875       0.625         0.0       -406.97611312       -466.84777474
      0.6875      0.6875         0.0       -420.02112076       -467.02299176
      0.6875        0.75         0.0       -397.48018468       -463.87086192
      0.6875      0.8125         0.0       -371.28507257       -460.16847203
      0.6875       0.875         0.0       -360.59027916       -462.34040432
      0.6875      0.9375         0.0       -394.37221179       -466.24075746
      0.6875         1.0         0.0        -420.5161081       -467.23885587

        0.75         0.0         0.0       -417.51461584        -467.3042763
        0.75      0.0625         0.0       -407.10870874       -464.96082531
        0.75       0.125         0.0       -372.46451814       -461.17817508
        0.75      0.1875         0.0       -364.48163263       -461.22801427
        0.75        0.25         0.0        -373.2180317       -465.14130722
        0.75      0.3125         0.0       -410.48401131       -467.23832679
        0.75       0.375         0.0        -415.3398695       -466.14547503
        0.75      0.4375         0.0       -383.25766828        -462.5264761
        0.75         0.5         0.0       -363.87348799       -459.48415977
        0.75      0.5625         0.0        -367.5438593        -464.0207721
        0.75       0.625         0.0       -398.71614723        -466.9064105
        0.75      0.6875         0.0       -419.07097594       -466.24246456
        0.75        0.75         0.0       -395.72574574       -464.20564391
        0.75      0.8125         0.0       -365.87685857       -459.55115642
        0.75       0.875         0.0       -365.64791809        -462.4893229
        0.75      0.9375         0.0       -384.71757492       -466.17766005
        0.75         1.0         0.0       -417.51461584        -467.3042763

      0.8125         0.0         0.0       -420.51617141       -467.18953714
      0.8125      0.0625         0.0       -405.32347525       -465.32552145
      0.8125       0.125         0.0       -375.20939919       -461.70806715
      0.8125      0.1875         0.0       -358.64260904       -461.87022114
      0.8125        0.25         0.0       -364.96484143       -465.16863505
      0.8125      0.3125         0.0       -414.45213923       -467.25129414
      0.8125       0.375         0.0       -414.85938333        -466.0125259
      0.8125      0.4375         0.0       -383.25763213       -462.60737929
      0.8125         0.5         0.0       -364.95088085       -460.44925068
      0.8125      0.5625         0.0        -351.4891236       -463.71244945
      0.8125       0.625         0.0       -402.23814874       -466.91209388
      0.8125      0.6875         0.0       -420.40999467       -466.87458348
      0.8125        0.75         0.0       -393.94719156       -463.86790919
      0.8125      0.8125         0.0       -369.77456508       -460.68655705
      0.8125       0.875         0.0       -351.69902444       -461.96098435
      0.8125      0.9375         0.0       -384.71759706       -466.19536939
      0.8125         1.0         0.0       -420.51617141       -467.24168782

       0.875         0.0         0.0       -419.27244589       -467.34630066
       0.875      0.0625         0.0       -407.84383908       -465.03987468
       0.875       0.125         0.0         -377.852654        -460.7094536
       0.875      0.1875         0.0       -363.00932149        -461.0897628
       0.875        0.25         0.0       -382.78075675       -465.30037251
       0.875      0.3125         0.0        -414.4520836       -467.25536253
       0.875       0.375         0.0       -415.33981243       -466.40531246
       0.875      0.4375         0.0       -387.75620426       -462.37922553
       0.875         0.5         0.0       -364.59876388       -460.49711019
       0.875      0.5625         0.0       -372.63987059       -464.02293907
       0.875       0.625         0.0       -405.61623162       -466.84039414
       0.875      0.6875         0.0       -419.46561266       -467.00455354
       0.875        0.75         0.0       -398.19861072       -463.86172794
       0.875      0.8125         0.0       -369.77458186       -459.95787962
       0.875       0.875         0.0       -365.64791951        -462.4749559
       0.875      0.9375         0.0       -394.37221615       -466.22074221
       0.875         1.0         0.0       -419.27244589       -467.34024053

      0.9375         0.0         0.0       -418.02969972       -467.34784518
      0.9375      0.0625         0.0        -406.0658341       -465.16651724
      0.9375       0.125         0.0       -371.29747325       -460.94461622
      0.9375      0.1875         0.0       -363.00933362       -461.67065147
      0.9375        0.25         0.0       -364.96485133       -465.16863505
      0.9375      0.3125         0.0       -410.48405057       -467.25168827
      0.9375       0.375         0.0       -415.14402503       -466.03239986
      0.9375      0.4375         0.0       -381.32917182        -462.5447487
      0.9375         0.5         0.0       -364.11338371       -459.39855645
      0.9375      0.5625         0.0       -358.98626806       -463.81050875
      0.9375       0.625         0.0       -397.21359664       -466.89571259
      0.9375      0.6875         0.0       -419.46570134       -467.00455354
      0.9375        0.75         0.0       -393.94725442       -463.92538685
      0.9375      0.8125         0.0       -365.87687744       -459.59205087
      0.9375       0.875         0.0       -360.59031295       -462.37449286
      0.9375      0.9375         0.0        -380.1647485       -466.20627633
      0.9375         1.0         0.0       -418.02969972       -467.34784518

         1.0         0.0         0.0       -421.03237127        -467.0483422
         1.0      0.0625         0.0       -406.06573477       -465.48427691
         1.0       0.125         0.0       -377.85260461       -461.52985227
         1.0      0.1875         0.0       -358.64258076       -461.43515088
         1.0        0.25         0.0       -373.21802103       -465.16916788
         1.0      0.3125         0.0       -416.07442226       -467.11835328
         1.0       0.375         0.0       -414.94374484       -466.36422952
         1.0      0.4375         0.0        -385.9207132       -462.41375066
         1.0         0.5         0.0       -365.05649712       -460.13470489
         1.0      0.5625         0.0       -358.98623192       -463.75665869
         1.0       0.625         0.0       -405.61624284       -466.83807814
         1.0      0.6875         0.0       -420.40994935        -466.8822079
         1.0        0.75         0.0       -395.72567083       -464.05170684
         1.0      0.8125         0.0       -371.28505252       -460.44809833
         1.0       0.875         0.0       -354.56964355       -462.14421576
         1.0      0.9375         0.0       -390.56973839       -466.20221499
         1.0         1.0         0.0       -421.03237127       -467.02000042

